6.4516129032,8.064516129,3.2258064516,4.0322580645,2.4193548387,4.8387096774,3.2258064516,2.4193548387,11.2903225806,1.6129032258,4.0322580645,5.6451612903,4.0322580645,4.8387096774,3.2258064516,12.0967741935,7.2580645161,8.064516129,0,3.2258064516
9.6774193548,6.4516129032,4.0322580645,4.0322580645,2.4193548387,2.4193548387,3.2258064516,2.4193548387,8.064516129,1.6129032258,3.2258064516,8.064516129,3.2258064516,5.6451612903,3.2258064516,12.0967741935,8.064516129,7.2580645161,0,4.8387096774
5.1546391753,0,9.2783505155,5.1546391753,4.1237113402,9.2783505155,1.0309278351,7.2164948454,6.1855670103,11.3402061856,1.0309278351,7.2164948454,2.0618556701,1.0309278351,7.2164948454,5.1546391753,8.2474226804,5.1546391753,2.0618556701,2.0618556701
5,0,11.6666666667,5,3.3333333333,3.3333333333,0,5,10,6.6666666667,3.3333333333,6.6666666667,3.3333333333,1.6666666667,8.3333333333,10,1.6666666667,8.3333333333,3.3333333333,3.3333333333
6.5573770492,2.1857923497,9.8360655738,6.0109289617,4.9180327869,6.5573770492,1.6393442623,4.9180327869,9.8360655738,9.2896174863,3.2786885246,3.2786885246,6.5573770492,3.2786885246,2.7322404372,5.4644808743,5.4644808743,3.2786885246,1.6393442623,3.2786885246
5.4263565891,5.4263565891,3.8759689922,10.8527131783,3.8759689922,8.5271317829,1.5503875969,3.8759689922,7.7519379845,4.6511627907,0,3.8759689922,2.3255813953,5.4263565891,2.3255813953,10.0775193798,4.6511627907,6.2015503876,4.6511627907,4.6511627907
9.756097561,5.6910569106,3.2520325203,6.5040650407,8.1300813008,4.0650406504,3.2520325203,0.8130081301,4.8780487805,3.2520325203,3.2520325203,6.5040650407,2.4390243902,6.5040650407,3.2520325203,10.5691056911,2.4390243902,4.8780487805,6.5040650407,4.0650406504
7.9189686924,0.3683241252,6.9981583794,4.9723756906,2.5782688766,7.7348066298,2.9465930018,5.5248618785,7.7348066298,6.8139963168,2.0257826888,3.6832412523,6.2615101289,4.2357274401,4.2357274401,6.4456721915,5.7090239411,8.1031307551,2.0257826888,3.6832412523
3.9215686275,0.9803921569,5.3921568627,6.862745098,3.9215686275,9.3137254902,3.9215686275,3.431372549,6.3725490196,4.9019607843,0.9803921569,3.431372549,6.862745098,8.8235294118,4.9019607843,8.8235294118,3.431372549,6.862745098,2.4509803922,4.4117647059
8.2644628099,3.305785124,4.958677686,8.2644628099,4.132231405,2.479338843,4.132231405,5.7851239669,4.132231405,14.8760330579,4.958677686,2.479338843,2.479338843,8.2644628099,2.479338843,4.132231405,7.4380165289,3.305785124,0,4.132231405
11.2,0.8,10.4,8,7.2,6.4,0.8,1.6,0.8,6.4,1.6,2.4,4,3.2,6.4,4.8,5.6,13.6,4,0.8
5.0505050505,0,9.0909090909,5.0505050505,4.0404040404,9.0909090909,1.0101010101,7.0707070707,7.0707070707,11.1111111111,2.0202020202,7.0707070707,2.0202020202,1.0101010101,7.0707070707,5.0505050505,8.0808080808,5.0505050505,2.0202020202,2.0202020202
1.2658227848,0,3.7974683544,10.1265822785,2.5316455696,2.5316455696,8.8607594937,3.7974683544,7.5949367089,10.1265822785,5.0632911392,0,7.5949367089,7.5949367089,7.5949367089,5.0632911392,1.2658227848,5.0632911392,2.5316455696,7.5949367089
7.4007220217,1.8050541516,4.3321299639,7.4007220217,5.7761732852,5.9566787004,1.6245487365,5.9566787004,6.1371841155,8.844765343,3.9711191336,4.1516245487,7.0397111913,3.9711191336,4.3321299639,5.9566787004,4.8736462094,6.1371841155,2.1660649819,2.1660649819
7.5514874142,0.9153318078,4.8054919908,5.4919908467,2.7459954233,7.5514874142,3.2036613272,4.347826087,5.7208237986,12.1281464531,3.4324942792,4.118993135,5.0343249428,3.8901601831,4.347826087,6.6361556064,5.2631578947,6.4073226545,2.0594965675,4.347826087
7.476635514,0.7476635514,5.2336448598,6.9158878505,3.3644859813,8.0373831776,2.9906542056,6.1682242991,7.2897196262,6.7289719626,1.4953271028,5.6074766355,3.9252336449,2.9906542056,2.9906542056,9.5327102804,5.6074766355,8.5981308411,0.9345794393,3.3644859813
7.8947368421,0.6578947368,7.8947368421,3.9473684211,3.9473684211,11.8421052632,2.6315789474,6.5789473684,3.2894736842,10.5263157895,3.9473684211,2.6315789474,5.9210526316,4.6052631579,4.6052631579,5.2631578947,4.6052631579,7.2368421053,0.6578947368,1.3157894737
3.6585365854,0,6.0975609756,5.2845528455,3.2520325203,4.4715447154,2.8455284553,6.0975609756,6.5040650407,12.6016260163,1.6260162602,8.1300813008,2.4390243902,7.3170731707,4.0650406504,6.9105691057,5.6910569106,7.7235772358,3.2520325203,2.0325203252
6.1538461538,1.5384615385,7.6923076923,7.6923076923,3.0769230769,5.3846153846,3.0769230769,8.4615384615,5.3846153846,11.5384615385,4.6153846154,3.0769230769,4.6153846154,4.6153846154,4.6153846154,3.8461538462,3.8461538462,7.6923076923,0,3.0769230769
5.5363321799,1.384083045,6.2283737024,7.9584775087,3.1141868512,10.7266435986,2.0761245675,6.2283737024,5.5363321799,11.0726643599,3.1141868512,3.1141868512,1.7301038062,2.76816609,6.2283737024,8.6505190311,5.1903114187,6.5743944637,1.0380622837,1.7301038062
4.4585987261,2.5477707006,5.0955414013,8.2802547771,3.821656051,7.6433121019,3.1847133758,1.9108280255,12.101910828,13.3757961783,3.1847133758,7.6433121019,1.9108280255,6.3694267516,3.821656051,4.4585987261,3.1847133758,2.5477707006,0.6369426752,3.821656051
4.0816326531,4.0816326531,4.7619047619,7.4829931973,3.4013605442,9.5238095238,2.0408163265,4.7619047619,7.4829931973,6.8027210884,0.6802721088,6.8027210884,5.4421768707,4.0816326531,2.7210884354,8.843537415,5.4421768707,1.3605442177,5.4421768707,4.7619047619
8.125,2.5,8.125,9.375,1.875,1.875,1.875,3.75,6.875,15,2.5,2.5,5,5,3.125,6.25,6.25,8.125,0.625,1.25
8.4033613445,2.1008403361,4.6218487395,2.1008403361,2.1008403361,6.3025210084,0.8403361345,2.9411764706,4.6218487395,6.3025210084,2.1008403361,3.3613445378,7.5630252101,2.5210084034,8.4033613445,12.6050420168,7.5630252101,9.6638655462,2.5210084034,3.3613445378
13.7529137529,0.6993006993,5.5944055944,7.4592074592,3.4965034965,7.2261072261,2.331002331,4.1958041958,3.9627039627,7.4592074592,1.6317016317,3.4965034965,3.4965034965,6.0606060606,4.8951048951,4.8951048951,6.993006993,6.7599067599,2.0979020979,3.4965034965
5.6872037915,1.1848341232,3.5545023697,6.1611374408,4.9763033175,3.7914691943,2.1327014218,8.5308056872,8.5308056872,9.2417061611,1.4218009479,5.2132701422,3.5545023697,4.028436019,4.7393364929,9.7156398104,6.63507109,4.5023696682,1.4218009479,4.9763033175
6.5573770492,2.1857923497,9.8360655738,6.0109289617,4.9180327869,6.5573770492,1.6393442623,4.9180327869,9.8360655738,9.2896174863,3.2786885246,3.2786885246,6.5573770492,3.2786885246,2.7322404372,5.4644808743,5.4644808743,3.2786885246,1.6393442623,3.2786885246
4.3859649123,0,5.2631578947,6.1403508772,7.8947368421,6.1403508772,3.5087719298,4.3859649123,7.8947368421,7.0175438596,1.7543859649,4.3859649123,5.2631578947,6.1403508772,6.1403508772,8.7719298246,1.7543859649,7.8947368421,1.7543859649,3.5087719298
2.8985507246,0.7246376812,5.0724637681,9.4202898551,5.7971014493,7.2463768116,2.8985507246,6.5217391304,15.2173913043,7.9710144928,0,1.4492753623,6.5217391304,1.4492753623,5.0724637681,7.2463768116,3.6231884058,5.0724637681,2.1739130435,3.6231884058
4.7058823529,1.7647058824,10,8.8235294118,1.7647058824,8.2352941176,1.7647058824,13.5294117647,4.7058823529,11.1764705882,2.3529411765,4.7058823529,2.9411764706,0.5882352941,7.0588235294,5.2941176471,1.7647058824,7.6470588235,0,1.1764705882
18.75,0,0,14.5833333333,2.0833333333,4.1666666667,0,0,16.6666666667,25,0,0,2.0833333333,6.25,0,10.4166666667,0,0,0,0
3.1446540881,0,7.5471698113,11.320754717,5.6603773585,6.2893081761,3.7735849057,3.1446540881,9.4339622642,6.9182389937,0,7.5471698113,3.1446540881,3.7735849057,3.1446540881,3.7735849057,6.9182389937,9.4339622642,1.8867924528,3.1446540881
8.3333333333,3.3333333333,5.8333333333,4.1666666667,4.1666666667,6.6666666667,2.5,1.6666666667,5.8333333333,6.6666666667,2.5,4.1666666667,6.6666666667,5.8333333333,6.6666666667,6.6666666667,5.8333333333,8.3333333333,0.8333333333,3.3333333333
8.6092715232,0,6.6225165563,11.2582781457,5.298013245,6.6225165563,1.3245033113,3.3112582781,10.5960264901,4.6357615894,1.3245033113,3.3112582781,4.6357615894,0.6622516556,6.6225165563,5.9602649007,3.9735099338,13.2450331126,1.9867549669,0
4.5197740113,5.6497175141,3.9548022599,7.9096045198,5.6497175141,6.2146892655,2.2598870056,5.6497175141,11.2994350282,3.9548022599,1.1299435028,5.0847457627,5.6497175141,2.8248587571,5.0847457627,7.9096045198,5.0847457627,4.5197740113,1.6949152542,3.9548022599
4.6875,6.25,3.90625,5.46875,3.125,4.6875,3.90625,2.34375,5.46875,1.5625,3.90625,7.8125,4.6875,5.46875,7.03125,11.71875,6.25,7.8125,0,3.90625
8.7301587302,1.5873015873,4.7619047619,7.1428571429,7.1428571429,4.7619047619,4.7619047619,3.1746031746,1.5873015873,7.1428571429,3.1746031746,8.7301587302,9.5238095238,3.1746031746,2.380952381,7.9365079365,6.3492063492,5.5555555556,1.5873015873,0.7936507937
2.6315789474,0,5.2631578947,17.1052631579,6.5789473684,6.5789473684,0,2.6315789474,13.1578947368,15.7894736842,2.6315789474,3.9473684211,3.9473684211,3.9473684211,0,7.8947368421,2.6315789474,3.9473684211,0,1.3157894737
2.7777777778,1.8518518519,1.8518518519,9.2592592593,3.7037037037,6.4814814815,2.7777777778,7.4074074074,7.4074074074,13.8888888889,0.9259259259,4.6296296296,2.7777777778,6.4814814815,5.5555555556,3.7037037037,9.2592592593,6.4814814815,0.9259259259,1.8518518519
6.6666666667,1.568627451,7.0588235294,9.0196078431,2.7450980392,6.6666666667,1.9607843137,3.9215686275,2.7450980392,12.5490196078,2.7450980392,4.7058823529,4.7058823529,6.6666666667,4.3137254902,2.3529411765,7.8431372549,8.6274509804,0.3921568627,2.7450980392
3.1055900621,3.1055900621,6.2111801242,8.6956521739,3.1055900621,8.6956521739,1.2422360248,10.5590062112,8.6956521739,7.4534161491,3.1055900621,4.9689440994,1.8633540373,3.7267080745,3.1055900621,3.1055900621,6.8322981366,6.8322981366,1.2422360248,4.347826087
2.7777777778,1.8518518519,4.6296296296,8.3333333333,2.7777777778,7.4074074074,3.7037037037,4.6296296296,2.7777777778,1.8518518519,6.4814814815,6.4814814815,2.7777777778,5.5555555556,6.4814814815,4.6296296296,8.3333333333,8.3333333333,0,10.1851851852
8.9189189189,1.8918918919,7.2972972973,7.2972972973,4.8648648649,9.1891891892,2.1621621622,5.9459459459,11.0810810811,7.2972972973,1.8918918919,4.0540540541,4.8648648649,4.0540540541,2.4324324324,4.8648648649,3.2432432432,5.6756756757,1.0810810811,1.8918918919
5.298013245,2.6490066225,5.298013245,7.9470198675,6.6225165563,3.3112582781,1.9867549669,4.6357615894,8.6092715232,12.582781457,4.6357615894,7.9470198675,3.3112582781,5.298013245,5.9602649007,4.6357615894,2.6490066225,3.3112582781,0,3.3112582781
5.4263565891,5.4263565891,3.8759689922,10.8527131783,4.6511627907,7.7519379845,3.8759689922,6.976744186,9.3023255814,3.1007751938,0,3.1007751938,0.7751937984,6.2015503876,0.7751937984,12.4031007752,2.3255813953,5.4263565891,4.6511627907,3.1007751938
7.3170731707,5.6910569106,4.8780487805,6.5040650407,8.1300813008,3.2520325203,2.4390243902,3.2520325203,5.6910569106,3.2520325203,2.4390243902,7.3170731707,2.4390243902,5.6910569106,1.6260162602,8.9430894309,5.6910569106,4.0650406504,6.5040650407,4.8780487805
9.0909090909,4.5454545455,4.5454545455,27.2727272727,6.8181818182,2.2727272727,0,0,4.5454545455,9.0909090909,0,4.5454545455,0,4.5454545455,4.5454545455,6.8181818182,2.2727272727,4.5454545455,2.2727272727,2.2727272727
6.2015503876,5.4263565891,4.6511627907,10.8527131783,3.8759689922,6.976744186,1.5503875969,3.8759689922,7.7519379845,5.4263565891,0.7751937984,3.8759689922,0.7751937984,5.4263565891,3.1007751938,9.3023255814,3.8759689922,6.976744186,4.6511627907,4.6511627907
11.8055555556,0,3.4722222222,12.5,5.5555555556,10.4166666667,2.0833333333,4.8611111111,7.6388888889,7.6388888889,2.7777777778,2.0833333333,3.4722222222,4.1666666667,4.8611111111,2.7777777778,6.9444444444,2.0833333333,1.3888888889,3.4722222222
5.9405940594,3.9603960396,4.9504950495,5.9405940594,2.9702970297,6.9306930693,0.9900990099,6.9306930693,4.9504950495,7.9207920792,0,8.9108910891,0.9900990099,5.9405940594,2.9702970297,11.8811881188,9.900990099,3.9603960396,0.9900990099,2.9702970297
12.5,0,4.1666666667,8.3333333333,5.5555555556,6.9444444444,8.3333333333,4.1666666667,9.7222222222,4.1666666667,2.7777777778,5.5555555556,1.3888888889,1.3888888889,0,2.7777777778,11.1111111111,5.5555555556,1.3888888889,4.1666666667
3.8167938931,5.3435114504,8.3969465649,7.6335877863,4.5801526718,6.106870229,3.0534351145,2.2900763359,9.1603053435,6.106870229,0,2.2900763359,5.3435114504,3.0534351145,2.2900763359,8.3969465649,7.6335877863,6.8702290076,3.8167938931,3.8167938931
4.8,5.6,4.8,8,5.6,5.6,3.2,4.8,9.6,8,1.6,3.2,2.4,0.8,6.4,7.2,2.4,7.2,5.6,3.2
6.25,0,6.25,5.2083333333,9.375,7.2916666667,3.125,4.1666666667,7.2916666667,8.3333333333,2.0833333333,4.1666666667,2.0833333333,4.1666666667,7.2916666667,10.4166666667,1.0416666667,7.2916666667,2.0833333333,2.0833333333
9.2592592593,0,4.9382716049,7.4074074074,0,3.0864197531,1.8518518519,4.3209876543,7.4074074074,13.5802469136,4.3209876543,4.3209876543,7.4074074074,6.7901234568,3.0864197531,6.1728395062,5.5555555556,7.4074074074,0,3.0864197531
8.0882352941,0.7352941176,4.4117647059,5.1470588235,1.4705882353,6.6176470588,6.6176470588,0.7352941176,4.4117647059,13.2352941176,1.4705882353,6.6176470588,0,7.3529411765,5.8823529412,10.2941176471,6.6176470588,9.5588235294,0,0.7352941176
3.7735849057,1.8867924528,6.2893081761,8.8050314465,4.4025157233,6.2893081761,1.8867924528,10.0628930818,8.1761006289,5.6603773585,1.8867924528,6.9182389937,3.7735849057,3.1446540881,0.6289308176,12.5786163522,3.1446540881,7.5471698113,0.6289308176,2.5157232704
15.873015873,0,6.3492063492,9.5238095238,6.3492063492,7.9365079365,0,4.7619047619,11.1111111111,4.7619047619,0,6.3492063492,0,1.5873015873,0,3.1746031746,12.6984126984,3.1746031746,1.5873015873,4.7619047619
15.2777777778,0,5.5555555556,8.3333333333,5.5555555556,5.5555555556,8.3333333333,4.1666666667,9.7222222222,4.1666666667,2.7777777778,5.5555555556,0,1.3888888889,0,2.7777777778,11.1111111111,4.1666666667,1.3888888889,4.1666666667
14.5161290323,1.6129032258,5.069124424,6.4516129032,2.7649769585,5.5299539171,1.1520737327,5.069124424,3.9170506912,8.9861751152,1.6129032258,2.9953917051,5.069124424,5.2995391705,4.8387096774,7.8341013825,6.9124423963,8.2949308756,0.4608294931,1.6129032258
7.6923076923,1.2820512821,14.1025641026,6.4102564103,8.9743589744,7.6923076923,0,6.4102564103,5.1282051282,6.4102564103,6.4102564103,5.1282051282,1.2820512821,1.2820512821,5.1282051282,6.4102564103,6.4102564103,3.8461538462,0,0
13.0769230769,0,8.4615384615,7.6923076923,4.6153846154,6.9230769231,2.3076923077,3.8461538462,4.6153846154,5.3846153846,3.0769230769,1.5384615385,6.9230769231,1.5384615385,4.6153846154,4.6153846154,3.8461538462,10,3.0769230769,3.8461538462
10,0.3571428571,5.3571428571,4.6428571429,1.7857142857,8.2142857143,3.2142857143,4.2857142857,3.9285714286,13.2142857143,2.1428571429,4.6428571429,4.2857142857,2.1428571429,5.3571428571,6.4285714286,4.6428571429,10,0.7142857143,4.6428571429
15.9090909091,0.9090909091,5,3.6363636364,2.2727272727,8.1818181818,1.3636363636,5.9090909091,5,11.3636363636,3.1818181818,1.3636363636,5,5.9090909091,2.7272727273,4.5454545455,5.9090909091,9.0909090909,0.4545454545,2.2727272727
1.724137931,2.5862068966,4.3103448276,8.6206896552,0.8620689655,8.6206896552,2.5862068966,3.4482758621,7.7586206897,11.2068965517,0.8620689655,3.4482758621,4.3103448276,4.3103448276,7.7586206897,6.8965517241,6.0344827586,9.4827586207,1.724137931,3.4482758621
5.9405940594,3.9603960396,4.9504950495,5.9405940594,2.9702970297,6.9306930693,0.9900990099,6.9306930693,4.9504950495,7.9207920792,0,8.9108910891,0.9900990099,5.9405940594,2.9702970297,11.8811881188,9.900990099,3.9603960396,0.9900990099,2.9702970297
8.5714285714,1.4285714286,7.8571428571,8.5714285714,0.7142857143,8.5714285714,1.4285714286,15,8.5714285714,8.5714285714,2.1428571429,2.8571428571,1.4285714286,0,2.8571428571,6.4285714286,3.5714285714,7.1428571429,0,4.2857142857
9.5238095238,0,3.4013605442,8.1632653061,2.0408163265,8.1632653061,4.7619047619,10.2040816327,6.8027210884,9.5238095238,2.0408163265,6.8027210884,1.3605442177,2.7210884354,3.4013605442,5.4421768707,3.4013605442,8.1632653061,0.6802721088,3.4013605442
4.9504950495,3.9603960396,7.9207920792,8.9108910891,1.9801980198,3.9603960396,0,1.9801980198,5.9405940594,9.900990099,0,3.9603960396,9.900990099,6.9306930693,6.9306930693,3.9603960396,6.9306930693,9.900990099,0,1.9801980198
7.423580786,5.2401746725,2.1834061135,4.8034934498,4.8034934498,7.423580786,3.4934497817,4.3668122271,2.1834061135,6.1135371179,3.9301310044,3.9301310044,6.9868995633,3.9301310044,5.6768558952,10.0436681223,7.423580786,4.3668122271,1.7467248908,3.9301310044
7.9295154185,5.2863436123,3.9647577093,4.4052863436,3.5242290749,7.9295154185,3.0837004405,4.845814978,3.0837004405,8.3700440529,3.0837004405,3.0837004405,6.6079295154,3.9647577093,3.9647577093,9.6916299559,5.2863436123,4.4052863436,2.2026431718,5.2863436123
5.9633027523,2.0642201835,6.880733945,6.6513761468,3.4403669725,9.1743119266,2.0642201835,6.1926605505,5.9633027523,9.6330275229,2.0642201835,3.4403669725,3.6697247706,2.2935779817,5.0458715596,6.6513761468,5.504587156,10.3211009174,0.4587155963,2.5229357798
9.3457943925,0,3.738317757,11.214953271,0.9345794393,4.6728971963,1.8691588785,2.8037383178,3.738317757,17.7570093458,2.8037383178,4.6728971963,3.738317757,6.5420560748,8.4112149533,5.6074766355,3.738317757,4.6728971963,1.8691588785,1.8691588785
3.7037037037,3.7037037037,9.2592592593,11.1111111111,1.8518518519,0,0,9.2592592593,9.2592592593,12.962962963,3.7037037037,5.5555555556,5.5555555556,1.8518518519,3.7037037037,11.1111111111,3.7037037037,3.7037037037,0,0
11.4942528736,0,3.4482758621,11.4942528736,3.4482758621,5.7471264368,0,2.2988505747,8.0459770115,11.4942528736,3.4482758621,2.2988505747,1.1494252874,9.1954022989,3.4482758621,4.5977011494,5.7471264368,11.4942528736,0,1.1494252874
10.1382488479,2.3041474654,4.1474654378,7.3732718894,4.6082949309,2.7649769585,6.4516129032,3.2258064516,3.6866359447,14.2857142857,1.8433179724,3.6866359447,2.7649769585,8.2949308756,1.8433179724,9.2165898618,3.6866359447,5.5299539171,1.3824884793,2.7649769585
5.1020408163,0,6.1224489796,9.1836734694,2.0408163265,8.1632653061,1.0204081633,4.0816326531,12.2448979592,8.1632653061,2.0408163265,5.1020408163,5.1020408163,6.1224489796,1.0204081633,2.0408163265,7.1428571429,9.1836734694,0,6.1224489796
12.865497076,2.3391812865,1.1695906433,15.7894736842,6.432748538,5.8479532164,2.9239766082,5.8479532164,11.1111111111,4.6783625731,3.5087719298,2.3391812865,4.0935672515,1.7543859649,2.9239766082,0.5847953216,4.0935672515,6.432748538,0,5.2631578947
9.9290780142,2.1276595745,5.6737588652,7.8014184397,4.2553191489,5.6737588652,4.2553191489,0.7092198582,3.5460992908,13.475177305,1.4184397163,2.1276595745,3.5460992908,4.9645390071,3.5460992908,7.0921985816,6.3829787234,5.6737588652,2.8368794326,4.9645390071
3.6290322581,0.8064516129,3.6290322581,12.5,3.2258064516,6.8548387097,1.2096774194,6.8548387097,12.5,7.6612903226,2.8225806452,4.435483871,5.6451612903,4.0322580645,3.6290322581,2.8225806452,4.0322580645,12.0967741935,0.4032258065,1.2096774194
5.46875,1.5625,4.296875,4.6875,3.125,9.375,3.515625,3.515625,6.25,7.8125,0.78125,2.34375,3.90625,5.46875,3.515625,13.28125,6.640625,5.859375,1.953125,6.640625
6.8027210884,1.3605442177,5.4421768707,10.8843537415,4.0816326531,6.1224489796,4.7619047619,4.0816326531,10.2040816327,10.8843537415,2.7210884354,3.4013605442,1.3605442177,1.3605442177,7.4829931973,4.0816326531,2.7210884354,9.5238095238,0,2.7210884354
7.6923076923,0.4524886878,6.7873303167,8.5972850679,1.3574660633,6.334841629,4.9773755656,9.0497737557,8.5972850679,12.2171945701,2.2624434389,3.1674208145,4.9773755656,0.4524886878,4.5248868778,1.8099547511,4.9773755656,8.1447963801,0,3.6199095023
15.737704918,0.6557377049,6.2295081967,5.5737704918,3.2786885246,5.9016393443,3.606557377,5.9016393443,3.606557377,9.8360655738,2.6229508197,3.9344262295,3.606557377,3.606557377,6.5573770492,4.9180327869,4.5901639344,6.5573770492,0,3.2786885246
6.2222222222,1.7777777778,5.3333333333,3.1111111111,3.1111111111,9.3333333333,1.7777777778,2.2222222222,5.3333333333,7.1111111111,1.3333333333,3.1111111111,5.7777777778,1.7777777778,4,14.2222222222,7.5555555556,11.5555555556,1.7777777778,3.5555555556
7.0754716981,1.8867924528,3.7735849057,4.7169811321,4.2452830189,6.6037735849,1.8867924528,3.3018867925,6.6037735849,7.0754716981,0.4716981132,2.358490566,4.2452830189,6.1320754717,2.8301886792,13.679245283,10.3773584906,7.0754716981,1.4150943396,4.2452830189
14.9152542373,0.6779661017,6.1016949153,6.1016949153,3.3898305085,6.4406779661,2.0338983051,6.1016949153,3.7288135593,9.4915254237,2.7118644068,3.7288135593,3.3898305085,4.0677966102,6.1016949153,5.0847457627,5.4237288136,7.1186440678,0,3.3898305085
4.3859649123,0,6.1403508772,3.5087719298,5.2631578947,7.8947368421,0,6.1403508772,7.8947368421,6.1403508772,0,6.1403508772,4.3859649123,3.5087719298,1.7543859649,7.8947368421,10.5263157895,9.649122807,1.7543859649,7.0175438596
15.3846153846,0,7.6923076923,15.3846153846,0,0,0,0,0,23.0769230769,7.6923076923,0,0,0,7.6923076923,15.3846153846,7.6923076923,0,0,0
16.0142348754,0.7117437722,4.9822064057,4.9822064057,3.5587188612,12.0996441281,2.4911032028,5.3380782918,2.846975089,6.0498220641,2.4911032028,1.4234875445,4.9822064057,3.9145907473,4.9822064057,3.2028469751,6.7615658363,9.2526690391,1.0676156584,2.846975089
7.4074074074,3.7037037037,9.2592592593,9.2592592593,1.8518518519,1.8518518519,0,9.2592592593,5.5555555556,12.962962963,3.7037037037,5.5555555556,5.5555555556,1.8518518519,3.7037037037,11.1111111111,3.7037037037,3.7037037037,0,0
2.6315789474,0,6.5789473684,7.8947368421,2.6315789474,7.8947368421,1.3157894737,9.2105263158,9.2105263158,11.8421052632,1.3157894737,2.6315789474,3.9473684211,7.8947368421,5.2631578947,3.9473684211,9.2105263158,5.2631578947,0,1.3157894737
4.6428571429,1.4285714286,4.2857142857,6.4285714286,3.2142857143,4.2857142857,1.7857142857,5.7142857143,5.7142857143,13.5714285714,4.6428571429,4.2857142857,4.2857142857,6.4285714286,3.5714285714,8.2142857143,6.4285714286,5,1.7857142857,4.2857142857
8.3333333333,0,8.3333333333,8.3333333333,0,0,0,0,16.6666666667,33.3333333333,0,8.3333333333,0,0,8.3333333333,0,0,0,0,8.3333333333
8.7912087912,2.1978021978,7.6923076923,5.4945054945,5.4945054945,5.4945054945,3.2967032967,7.6923076923,10.989010989,3.2967032967,4.3956043956,4.3956043956,1.0989010989,4.3956043956,2.1978021978,5.4945054945,4.3956043956,5.4945054945,1.0989010989,6.5934065934
10.1694915254,1.0169491525,8.4745762712,6.1016949153,3.7288135593,5.4237288136,1.6949152542,5.4237288136,7.7966101695,8.1355932203,2.7118644068,4.7457627119,3.0508474576,4.7457627119,4.7457627119,6.4406779661,4.0677966102,7.7966101695,1.6949152542,2.0338983051
8.9285714286,0,8.9285714286,8.9285714286,5.3571428571,7.1428571429,0,1.7857142857,10.7142857143,3.5714285714,1.7857142857,5.3571428571,0,3.5714285714,0,0,17.8571428571,10.7142857143,1.7857142857,3.5714285714
3.937007874,2.3622047244,5.5118110236,9.4488188976,1.5748031496,3.937007874,7.874015748,4.7244094488,7.0866141732,11.0236220472,3.1496062992,1.5748031496,4.7244094488,5.5118110236,6.2992125984,3.937007874,5.5118110236,7.0866141732,0.7874015748,3.937007874
6.6666666667,0.6666666667,4.6666666667,7.3333333333,2.6666666667,3.3333333333,6,4.6666666667,2.6666666667,8,2.6666666667,2.6666666667,5.3333333333,16,6,6,4,3.3333333333,1.3333333333,6
5.9090909091,2.0454545455,4.5454545455,7.0454545455,4.3181818182,5.9090909091,5.2272727273,5.9090909091,4.3181818182,9.0909090909,2.7272727273,4.0909090909,5.4545454545,4.7727272727,5.4545454545,4.7727272727,6.5909090909,5,2.9545454545,3.8636363636
6.0301507538,1.5075376884,8.040201005,3.5175879397,7.5376884422,8.040201005,2.0100502513,8.040201005,9.5477386935,6.0301507538,1.5075376884,3.0150753769,6.5326633166,4.0201005025,3.0150753769,7.5376884422,4.0201005025,6.5326633166,1.0050251256,2.5125628141
11.1888111888,1.3986013986,5.5944055944,6.2937062937,4.1958041958,9.7902097902,2.0979020979,6.993006993,8.3916083916,6.993006993,2.0979020979,2.0979020979,3.4965034965,4.1958041958,1.3986013986,7.6923076923,8.3916083916,5.5944055944,0.6993006993,1.3986013986
7.4324324324,0,11.4864864865,14.1891891892,5.4054054054,7.4324324324,0.6756756757,5.4054054054,5.4054054054,6.0810810811,6.0810810811,4.0540540541,1.3513513514,4.0540540541,4.0540540541,2.7027027027,8.1081081081,4.7297297297,0,1.3513513514
8.2352941176,0,4.7058823529,3.5294117647,1.1764705882,0,10.5882352941,3.5294117647,14.1176470588,11.7647058824,3.5294117647,5.8823529412,0,8.2352941176,7.0588235294,1.1764705882,7.0588235294,7.0588235294,1.1764705882,1.1764705882
13.3333333333,2.6666666667,8,5.3333333333,1.3333333333,5.3333333333,1.3333333333,4,5.3333333333,8,2.6666666667,1.3333333333,4,5.3333333333,5.3333333333,4,6.6666666667,9.3333333333,1.3333333333,5.3333333333
8.9965397924,2.0761245675,7.2664359862,7.9584775087,3.1141868512,2.76816609,3.1141868512,5.8823529412,2.0761245675,12.1107266436,3.4602076125,2.76816609,4.1522491349,7.2664359862,6.5743944637,5.8823529412,2.4221453287,7.6124567474,0.3460207612,4.1522491349
9.3023255814,0.6976744186,5.1162790698,6.0465116279,3.023255814,7.9069767442,4.4186046512,6.511627907,3.023255814,10,2.3255813953,4.6511627907,4.1860465116,6.0465116279,5.1162790698,4.4186046512,6.0465116279,6.7441860465,1.6279069767,2.7906976744
7.3873873874,2.3423423423,4.6846846847,7.3873873874,4.5045045045,5.9459459459,1.8018018018,4.3243243243,6.1261261261,11.1711711712,4.5045045045,3.4234234234,6.4864864865,3.7837837838,4.6846846847,5.7657657658,4.5045045045,6.6666666667,2.1621621622,2.3423423423
3.007518797,4.5112781955,4.5112781955,13.5338345865,5.2631578947,3.7593984962,2.2556390977,3.007518797,9.022556391,6.015037594,4.5112781955,6.015037594,3.7593984962,3.007518797,4.5112781955,8.2706766917,3.007518797,3.7593984962,3.7593984962,4.5112781955
8.5271317829,4.6511627907,3.8759689922,8.5271317829,6.2015503876,3.8759689922,1.5503875969,3.1007751938,11.6279069767,6.2015503876,0,4.6511627907,4.6511627907,2.3255813953,4.6511627907,5.4263565891,4.6511627907,5.4263565891,4.6511627907,5.4263565891
3.5714285714,0,4.4642857143,11.6071428571,2.6785714286,6.25,3.5714285714,5.3571428571,5.3571428571,9.8214285714,4.4642857143,0.8928571429,7.1428571429,5.3571428571,8.0357142857,5.3571428571,4.4642857143,3.5714285714,1.7857142857,6.25
7.0175438596,1.7543859649,2.6315789474,5.2631578947,4.3859649123,11.4035087719,0.8771929825,2.6315789474,4.3859649123,6.1403508772,1.7543859649,4.3859649123,1.7543859649,7.0175438596,5.2631578947,9.649122807,7.8947368421,7.0175438596,1.7543859649,7.0175438596
9.7902097902,0,5.5944055944,8.3916083916,2.0979020979,6.993006993,2.7972027972,3.4965034965,15.3846153846,7.6923076923,2.7972027972,2.7972027972,3.4965034965,4.1958041958,3.4965034965,3.4965034965,6.993006993,5.5944055944,0.6993006993,4.1958041958
4.9861495845,1.9390581717,5.540166205,6.3711911357,3.0470914127,8.0332409972,1.6620498615,4.1551246537,6.9252077562,7.4792243767,2.216066482,5.2631578947,7.756232687,5.2631578947,3.6011080332,4.9861495845,8.5872576177,8.3102493075,0.8310249307,3.0470914127
6.0344827586,0,8.6206896552,5.1724137931,1.724137931,10.3448275862,6.8965517241,3.4482758621,4.3103448276,8.6206896552,1.724137931,4.3103448276,7.7586206897,6.0344827586,4.3103448276,6.8965517241,2.5862068966,5.1724137931,1.724137931,4.3103448276
8.362369338,0.3484320557,8.7108013937,7.3170731707,4.181184669,4.8780487805,2.4390243902,6.2717770035,2.787456446,12.1951219512,2.0905923345,3.4843205575,1.393728223,6.2717770035,7.6655052265,7.3170731707,5.2264808362,5.2264808362,1.7421602787,2.0905923345
11.9266055046,0,9.1743119266,10.0917431193,4.5871559633,1.8348623853,4.5871559633,2.752293578,1.8348623853,10.0917431193,4.5871559633,0.9174311927,4.5871559633,3.6697247706,8.2568807339,3.6697247706,3.6697247706,6.4220183486,1.8348623853,5.504587156
11.7263843648,1.3029315961,6.8403908795,7.1661237785,2.6058631922,9.4462540717,2.2801302932,3.9087947883,1.9543973941,10.7491856678,1.6286644951,2.2801302932,4.2345276873,0.9771986971,8.7947882736,4.2345276873,4.8859934853,13.0293159609,1.3029315961,0.651465798
11.935483871,0.3225806452,6.7741935484,6.4516129032,3.8709677419,7.0967741935,2.5806451613,3.2258064516,3.8709677419,11.6129032258,1.6129032258,1.935483871,9.0322580645,3.8709677419,4.8387096774,4.5161290323,2.5806451613,7.4193548387,1.2903225806,5.1612903226
12.5714285714,0.2857142857,7.1428571429,5.7142857143,3.7142857143,6.5714285714,2.5714285714,5.1428571429,4.2857142857,8.8571428571,2.5714285714,2.2857142857,4.2857142857,3.1428571429,6.8571428571,4.5714285714,6.5714285714,9.1428571429,0.8571428571,2.8571428571
4.4776119403,5.223880597,6.7164179104,9.7014925373,5.223880597,5.9701492537,2.9850746269,5.223880597,4.4776119403,4.4776119403,1.4925373134,6.7164179104,2.9850746269,5.9701492537,4.4776119403,5.9701492537,2.9850746269,5.223880597,5.223880597,4.4776119403
6.25,5.46875,4.6875,7.03125,7.03125,3.125,2.34375,3.125,10.15625,4.6875,2.34375,3.125,4.6875,2.34375,4.6875,9.375,3.90625,7.03125,6.25,2.34375
8.7912087912,0.5494505495,4.9450549451,9.6153846154,2.1978021978,9.6153846154,0.5494505495,7.967032967,9.0659340659,10.989010989,3.021978022,4.6703296703,3.021978022,1.9230769231,3.021978022,3.5714285714,7.1428571429,8.7912087912,0.2747252747,0.2747252747
9.0651558074,0,5.3824362606,9.9150141643,3.9660056657,9.6317280453,1.9830028329,11.3314447592,7.9320113314,7.0821529745,2.5495750708,4.5325779037,3.3994334278,1.9830028329,5.3824362606,3.6827195467,4.2492917847,6.7988668555,0,1.1331444759
14.0243902439,3.6585365854,4.8780487805,7.3170731707,4.8780487805,6.0975609756,6.0975609756,6.0975609756,5.487804878,4.8780487805,1.8292682927,4.2682926829,4.8780487805,2.4390243902,3.0487804878,2.4390243902,6.7073170732,5.487804878,1.2195121951,4.2682926829
10.0917431193,1.8348623853,1.8348623853,5.504587156,9.1743119266,4.5871559633,4.5871559633,2.752293578,0,8.2568807339,2.752293578,10.0917431193,7.3394495413,4.5871559633,2.752293578,7.3394495413,5.504587156,8.2568807339,1.8348623853,0.9174311927
4.854368932,2.9126213592,4.854368932,4.854368932,4.854368932,6.7961165049,7.7669902913,7.7669902913,6.7961165049,5.8252427184,1.9417475728,7.7669902913,6.7961165049,2.9126213592,0,3.8834951456,8.7378640777,2.9126213592,2.9126213592,4.854368932
2.5423728814,1.6949152542,0.8474576271,10.1694915254,3.3898305085,5.9322033898,5.0847457627,5.9322033898,3.3898305085,10.1694915254,0,7.6271186441,11.8644067797,2.5423728814,3.3898305085,3.3898305085,7.6271186441,8.4745762712,0.8474576271,5.0847457627
12.5,2.6785714286,4.4642857143,7.1428571429,2.6785714286,8.0357142857,1.7857142857,5.3571428571,0.8928571429,10.7142857143,2.6785714286,1.7857142857,4.4642857143,7.1428571429,8.9285714286,4.4642857143,5.3571428571,5.3571428571,1.7857142857,1.7857142857
8.5308056872,0.4739336493,3.317535545,8.5308056872,4.2654028436,10.4265402844,1.4218009479,5.2132701422,4.2654028436,12.7962085308,1.8957345972,1.8957345972,5.2132701422,2.8436018957,8.0568720379,3.7914691943,3.317535545,10.4265402844,0.9478672986,2.3696682464
9.1304347826,1.3043478261,6.0869565217,8.2608695652,4.347826087,5.2173913043,2.6086956522,5.652173913,6.0869565217,13.9130434783,3.0434782609,2.6086956522,5.2173913043,3.9130434783,5.2173913043,3.4782608696,5.2173913043,6.0869565217,0.8695652174,1.7391304348
0,0,0,6.6666666667,0,6.6666666667,13.3333333333,6.6666666667,6.6666666667,20,0,0,6.6666666667,6.6666666667,13.3333333333,13.3333333333,0,0,0,0
7.0175438596,0.8771929825,6.7251461988,7.3099415205,3.216374269,5.8479532164,4.3859649123,4.6783625731,4.3859649123,13.4502923977,1.1695906433,2.9239766082,5.5555555556,6.7251461988,7.0175438596,4.6783625731,4.0935672515,5.5555555556,0.5847953216,3.8011695906
8.5959885387,2.005730659,6.3037249284,8.3094555874,3.4383954155,8.3094555874,2.2922636103,9.1690544413,7.7363896848,7.1633237822,2.8653295129,5.7306590258,4.2979942693,1.7191977077,3.7249283668,5.7306590258,3.7249283668,5.4441260745,0.2865329513,3.1518624642
15.9090909091,0,3.4090909091,7.9545454545,1.1363636364,7.9545454545,1.1363636364,7.9545454545,9.0909090909,7.9545454545,4.5454545455,3.4090909091,2.2727272727,2.2727272727,1.1363636364,6.8181818182,9.0909090909,5.6818181818,1.1363636364,1.1363636364
3.0612244898,5.1020408163,2.0408163265,11.2244897959,4.0816326531,2.0408163265,3.0612244898,4.0816326531,6.1224489796,13.2653061224,2.0408163265,1.0204081633,6.1224489796,10.2040816327,9.1836734694,7.1428571429,3.0612244898,5.1020408163,1.0204081633,1.0204081633
5.4892601432,0.7159904535,5.2505966587,6.6825775656,5.4892601432,5.2505966587,3.1026252983,3.8186157518,6.4439140811,10.5011933174,2.6252983294,4.7732696897,6.9212410501,3.5799522673,5.7279236277,6.9212410501,4.0572792363,6.4439140811,0.7159904535,5.4892601432
6.25,0.78125,4.6875,10.15625,2.34375,8.59375,5.46875,4.6875,5.46875,10.15625,3.125,0.78125,7.8125,3.90625,3.125,4.6875,7.03125,7.03125,0.78125,3.125
7.2580645161,8.064516129,4.0322580645,4.0322580645,2.4193548387,4.8387096774,3.2258064516,2.4193548387,11.2903225806,1.6129032258,4.0322580645,4.8387096774,3.2258064516,4.8387096774,3.2258064516,12.0967741935,7.2580645161,8.064516129,0,3.2258064516
8.064516129,8.064516129,4.0322580645,4.0322580645,2.4193548387,4.0322580645,3.2258064516,2.4193548387,11.2903225806,1.6129032258,4.0322580645,4.0322580645,3.2258064516,4.8387096774,3.2258064516,12.0967741935,8.064516129,8.064516129,0,3.2258064516
3.3898305085,0,6.7796610169,8.4745762712,1.6949152542,5.0847457627,10.1694915254,11.8644067797,11.8644067797,8.4745762712,3.3898305085,1.6949152542,3.3898305085,0,6.7796610169,1.6949152542,3.3898305085,8.4745762712,0,3.3898305085
5.4054054054,3.6036036036,6.3063063063,6.3063063063,1.8018018018,6.3063063063,1.8018018018,6.3063063063,7.2072072072,3.6036036036,3.6036036036,7.2072072072,0.9009009009,4.5045045045,1.8018018018,6.3063063063,9.9099099099,9.9099099099,2.7027027027,4.5045045045
3.9215686275,0.9803921569,5.3921568627,6.862745098,3.9215686275,8.8235294118,4.4117647059,4.4117647059,6.3725490196,4.9019607843,0.9803921569,3.9215686275,6.3725490196,8.3333333333,4.9019607843,9.3137254902,2.9411764706,6.3725490196,2.4509803922,4.4117647059
7.2727272727,0,8.1818181818,2.7272727273,3.6363636364,9.0909090909,1.8181818182,7.2727272727,7.2727272727,6.3636363636,0,5.4545454545,2.7272727273,3.6363636364,5.4545454545,8.1818181818,8.1818181818,3.6363636364,2.7272727273,6.3636363636
4.6153846154,1.5384615385,6.1538461538,10.7692307692,3.0769230769,4.6153846154,1.5384615385,4.6153846154,4.6153846154,12.3076923077,3.0769230769,6.1538461538,4.6153846154,6.1538461538,6.1538461538,4.6153846154,0,6.1538461538,1.5384615385,7.6923076923
4.0404040404,0,10.101010101,8.0808080808,4.0404040404,10.101010101,2.0202020202,9.0909090909,3.0303030303,7.0707070707,2.0202020202,1.0101010101,3.0303030303,5.0505050505,8.0808080808,6.0606060606,7.0707070707,4.0404040404,2.0202020202,4.0404040404
7.5268817204,1.0752688172,2.1505376344,5.376344086,5.376344086,2.1505376344,2.1505376344,5.376344086,5.376344086,6.4516129032,1.0752688172,5.376344086,3.2258064516,4.3010752688,10.752688172,6.4516129032,9.6774193548,8.6021505376,3.2258064516,4.3010752688
6.0465116279,0,9.7674418605,6.976744186,2.7906976744,8.3720930233,2.7906976744,7.4418604651,4.6511627907,5.5813953488,1.8604651163,4.6511627907,5.1162790698,3.7209302326,3.7209302326,6.0465116279,7.4418604651,7.9069767442,0.9302325581,4.1860465116
4.3269230769,2.6442307692,6.25,7.2115384615,1.4423076923,6.25,3.125,6.25,5.2884615385,9.6153846154,2.4038461538,4.8076923077,6.7307692308,2.6442307692,6.9711538462,4.3269230769,5.5288461538,9.375,0.9615384615,3.8461538462
7.4534161491,0,8.3850931677,7.1428571429,4.0372670807,7.1428571429,1.8633540373,8.0745341615,5.900621118,7.1428571429,1.2422360248,4.347826087,5.900621118,3.4161490683,2.7950310559,6.2111801242,8.0745341615,7.1428571429,0.6211180124,3.1055900621
6.25,0.6944444444,4.1666666667,13.1944444444,2.0833333333,2.7777777778,1.3888888889,3.4722222222,13.8888888889,9.7222222222,1.3888888889,2.0833333333,3.4722222222,5.5555555556,6.9444444444,7.6388888889,3.4722222222,6.25,0,5.5555555556
10.8108108108,0.3861003861,5.0193050193,4.2471042471,3.4749034749,6.5637065637,1.5444015444,10.0386100386,6.5637065637,12.3552123552,2.7027027027,2.3166023166,4.2471042471,5.4054054054,2.3166023166,10.0386100386,6.5637065637,4.2471042471,0,1.1583011583
9.1743119266,0.4587155963,4.5871559633,10.0917431193,5.0458715596,6.880733945,4.5871559633,2.752293578,2.2935779817,6.880733945,2.2935779817,5.504587156,3.2110091743,4.5871559633,5.504587156,9.6330275229,4.128440367,6.880733945,2.752293578,2.752293578
6.9306930693,0,8.9108910891,1.9801980198,6.9306930693,16.8316831683,5.9405940594,7.9207920792,5.9405940594,3.9603960396,1.9801980198,1.9801980198,1.9801980198,3.9603960396,3.9603960396,9.900990099,2.9702970297,5.9405940594,1.9801980198,0
13.2653061224,1.0204081633,6.6326530612,5.3571428571,2.2959183673,10.2040816327,3.8265306122,6.887755102,4.0816326531,7.3979591837,3.3163265306,3.8265306122,4.8469387755,1.7857142857,4.3367346939,2.2959183673,5.8673469388,9.1836734694,1.0204081633,2.5510204082
5.8139534884,1.1627906977,5.2325581395,6.3953488372,7.5581395349,11.0465116279,1.7441860465,5.2325581395,7.5581395349,3.488372093,1.7441860465,5.8139534884,3.488372093,1.7441860465,5.8139534884,8.7209302326,6.3953488372,8.1395348837,0.5813953488,2.3255813953
3.1578947368,0,13.6842105263,10.5263157895,2.1052631579,2.1052631579,1.0526315789,9.4736842105,7.3684210526,6.3157894737,2.1052631579,8.4210526316,1.0526315789,8.4210526316,8.4210526316,3.1578947368,4.2105263158,7.3684210526,0,1.0526315789
8.6705202312,0,7.5144508671,1.1560693642,5.2023121387,15.0289017341,2.8901734104,2.3121387283,0,9.2485549133,0.5780346821,6.3583815029,1.7341040462,5.2023121387,0,12.7167630058,7.5144508671,7.5144508671,0.5780346821,5.7803468208
5.8394160584,0,6.5693430657,2.1897810219,2.1897810219,9.4890510949,0,5.1094890511,6.5693430657,7.299270073,0.7299270073,7.299270073,4.3795620438,2.9197080292,2.9197080292,11.6788321168,9.4890510949,11.6788321168,2.1897810219,1.4598540146
13.3891213389,0,4.6025104603,10.0418410042,1.2552301255,5.8577405858,6.2761506276,4.1841004184,2.510460251,12.9707112971,1.6736401674,0.8368200837,2.9288702929,2.0920502092,7.1129707113,8.7866108787,6.6945606695,5.8577405858,1.6736401674,1.2552301255
7.4889867841,2.2026431718,5.2863436123,11.013215859,2.6431718062,6.1674008811,4.4052863436,5.2863436123,6.6079295154,8.3700440529,1.7621145374,2.6431718062,6.6079295154,3.0837004405,3.9647577093,4.4052863436,7.0484581498,7.0484581498,0.8810572687,3.0837004405
8.3333333333,1.1111111111,3.8888888889,8.3333333333,3.3333333333,8.8888888889,1.1111111111,4.4444444444,8.8888888889,15,5.5555555556,5,2.7777777778,2.7777777778,2.7777777778,6.6666666667,2.2222222222,6.1111111111,1.1111111111,1.6666666667
7.6642335766,2.9197080292,6.5693430657,5.4744525547,3.2846715328,6.204379562,4.7445255474,4.3795620438,1.4598540146,11.6788321168,2.1897810219,4.3795620438,6.5693430657,4.7445255474,5.4744525547,6.5693430657,4.7445255474,5.1094890511,1.4598540146,4.3795620438
6.7567567568,0,6.7567567568,6.7567567568,6.0810810811,5.4054054054,1.3513513514,3.3783783784,8.7837837838,11.4864864865,2.027027027,2.7027027027,2.7027027027,8.1081081081,6.7567567568,9.4594594595,2.027027027,4.0540540541,2.027027027,3.3783783784
10.6382978723,2.1276595745,2.1276595745,13.829787234,3.1914893617,9.5744680851,1.0638297872,1.0638297872,1.0638297872,13.829787234,1.0638297872,0,9.5744680851,8.5106382979,11.7021276596,3.1914893617,1.0638297872,4.2553191489,1.0638297872,1.0638297872
4.6296296296,0.462962963,4.6296296296,8.7962962963,3.7037037037,3.7037037037,2.7777777778,5.0925925926,7.8703703704,9.2592592593,3.7037037037,5.0925925926,2.3148148148,6.9444444444,4.1666666667,5.0925925926,9.2592592593,6.4814814815,1.8518518519,4.1666666667
5.3333333333,1.3333333333,4,10.6666666667,1.3333333333,8,4,5.3333333333,9.3333333333,9.3333333333,2.6666666667,1.3333333333,4,6.6666666667,2.6666666667,8,6.6666666667,5.3333333333,4,0
